0,1
2020,"183      15000
2118     95000
3119     13493
3120     13493
3138     22809
         ...  
3743    130800
3744     45618
3750    412000
3752    105000
3753    100000
Name: salary_in_usd, Length: 76, dtype: int64"
2021,"776     150000
1118     30000
1444     66970
1738     54094
2032     16904
         ...  
3747    423000
3748     28369
3749    165000
3751    151000
3754     94665
Name: salary_in_usd, Length: 230, dtype: int64"
2022,"41       20984
83      300000
114      56536
249      88256
323     275000
         ...  
3486    100000
3490    120000
3491     84053
3493    125000
3498     21013
Name: salary_in_usd, Length: 1664, dtype: int64"
2023,"0        85847
1        30000
2        25500
3       175000
4       120000
         ...  
1815    134500
1817    130000
1818     90000
1819    160000
1820    135000
Name: salary_in_usd, Length: 1785, dtype: int64"
